# Directed graph (each unordered pair of nodes is saved once): p2p-Gnutella04.txt 
# Directed Gnutella P2P network from August 4 2002
# Nodes: 10876 Edges: 39994
# FromNodeId	ToNodeId
0	1
0	2
0	3
0	4
0	5
0	6
0	7
0	8
0	9
0	10
1	2
1	11
1	12
1	13
1	14
1	15
1	16
1	17
1	18
1	19
3	20
3	21
3	22
3	23
3	24
3	25
3	26
3	27
3	28
3	29
8	30
8	31
8	32
8	33
8	34
8	35
8	36
8	37
8	38
8	39
10	41
10	136
10	137
10	138
10	139
10	140
10	141
10	142
10	143
10	144
12	40
12	41
12	42
12	43
12	44
12	45
12	46
12	47
12	48
12	49
14	199
14	756
14	1116
14	2537
14	2787
14	3307
14	4524
14	4674
14	6016
14	7040
17	79
17	80
17	81
17	82
17	83
17	84
17	85
17	86
17	87
17	88
19	69
19	70
19	71
19	72
19	73
19	74
19	75
19	76
19	77
19	78
20	50
20	51
20	52
20	53
20	54
20	55
20	56
20	57
20	58
20	59
21	22
21	60
21	61
21	62
21	63
21	64
21	65
21	66
21	67
21	68
23	108
23	109
23	110
23	111
23	112
23	113
23	114
23	115
23	116
25	98
25	99
25	100
25	101
25	102
25	103
25	104
25	105
25	106
25	107
26	78
26	89
26	90
26	91
26	92
26	93
26	94
26	95
26	96
26	97
29	654
30	185
30	186
38	117
38	118
38	119
38	120
38	121
38	122
38	123
38	124
38	125
38	126
39	155
39	156
39	157
39	158
39	159
39	160
39	161
39	162
39	163
39	164
46	92
46	127
46	128
46	129
46	130
46	131
46	132
46	133
46	134
46	135
54	145
54	146
54	147
54	148
54	149
54	150
54	151
54	152
54	153
54	154
58	165
58	166
58	167
58	168
58	169
58	170
58	171
58	172
58	173
58	174
60	184
61	175
62	13
62	176
62	177
62	178
62	179
62	180
62	181
62	182
62	183
65	178
65	197
65	198
65	199
65	200
65	201
65	202
65	203
65	204
65	205
73	187
73	188
73	189
73	190
73	191
73	192
73	193
73	194
73	195
73	196
75	3
75	6
75	57
75	216
75	217
75	218
75	219
75	220
75	221
75	222
76	206
76	207
76	208
76	209
76	210
76	211
76	212
76	213
76	214
76	215
77	80
77	84
77	85
77	86
77	88
77	294
77	309
77	310
77	311
77	312
78	490
78	491
78	492
80	232
80	233
80	234
80	235
80	236
80	237
80	238
80	239
80	240
81	193
81	196
81	750
81	1014
81	2738
81	3186
81	3297
81	5969
81	5970
81	5971
83	63
83	223
83	224
83	225
83	226
83	227
83	228
83	229
83	230
83	231
84	408
84	820
84	2619
84	2952
84	4166
84	4657
84	4754
84	5031
84	6337
84	6338
87	208
87	241
87	242
87	243
87	244
87	245
87	246
87	247
87	248
88	84
88	85
88	86
88	292
88	293
88	294
88	295
88	296
88	297
88	298
89	148
89	266
89	267
89	268
89	269
89	270
89	271
89	272
89	273
89	274
90	89
90	92
90	223
90	259
90	260
90	261
90	262
90	263
90	264
90	265
91	249
91	250
91	251
91	252
91	253
91	254
91	255
91	256
91	257
91	258
92	164
92	275
92	276
92	277
92	278
92	279
92	280
92	281
92	282
92	283
93	107
93	284
93	285
93	286
93	287
93	288
93	289
93	290
93	291
94	299
94	300
94	301
94	302
94	303
94	304
94	305
94	306
94	307
94	308
96	333
96	334
96	335
96	336
96	337
96	338
96	339
96	340
96	341
96	342
97	27
97	142
97	502
97	742
97	871
97	872
97	873
97	874
97	875
97	876
97	877
97	878
97	879
97	880
97	881
97	882
97	883
97	884
97	885
99	4
99	103
99	105
99	320
99	321
99	322
99	323
99	324
99	325
99	326
99	327
99	328
99	329
99	330
99	331
99	332
101	139
101	313
101	314
101	315
101	316
101	317
101	318
101	319
106	166
106	171
106	343
106	344
106	345
106	346
106	347
106	348
106	349
107	2981
107	3307
107	6479
107	7381
107	8612
107	8842
107	8843
107	8844
107	8845
108	350
109	385
109	386
109	387
109	388
109	389
109	390
109	391
109	392
109	393
109	394
111	102
112	329
112	351
112	352
112	353
112	354
112	355
112	356
112	357
112	358
112	359
113	86
113	360
113	361
113	362
113	363
113	364
113	365
113	366
113	367
115	395
115	396
115	397
115	398
115	399
115	400
115	401
115	402
115	403
115	404
116	512
118	368
118	369
118	370
118	371
118	372
118	373
118	374
118	375
118	376
118	377
119	102
119	103
119	322
119	378
119	379
119	380
119	381
119	382
119	383
119	384
120	97
120	408
120	438
120	439
120	440
120	441
120	442
120	443
120	444
120	445
121	480
121	481
121	482
121	483
121	484
121	485
121	486
121	487
121	488
121	489
122	149
122	415
122	416
122	417
122	418
123	405
123	406
123	407
123	408
123	409
123	410
123	411
123	412
123	413
123	414
124	419
124	420
124	421
124	422
124	423
124	424
124	425
124	426
124	427
124	428
125	470
125	471
125	472
125	473
125	474
125	475
125	476
125	477
125	478
125	479
126	244
126	957
126	958
127	1475
127	2364
127	2799
127	3641
127	3681
127	3682
127	3683
127	3684
127	3685
127	3686
128	18
128	429
128	430
128	431
128	432
128	433
128	434
128	435
128	436
128	437
129	2518
129	3309
129	3310
129	3311
129	3312
129	3313
129	3314
129	3315
129	3316
129	3317
130	446
130	447
130	448
130	449
130	450
130	451
130	452
130	453
130	454
130	455
131	140
131	328
131	456
131	457
131	458
131	459
131	460
131	461
131	462
131	463
132	3
132	52
132	219
132	222
132	464
132	465
132	466
132	467
132	468
132	469
133	570
133	1210
133	1755
133	2002
133	2773
133	3680
133	4229
133	4230
133	4231
133	4232
136	730
136	1116
136	1198
136	1454
136	4191
136	4694
136	5062
136	5626
136	8253
136	8958
137	289
137	493
137	494
137	495
137	496
137	497
137	498
137	499
137	500
137	501
141	502
141	503
141	504
141	505
141	506
141	507
141	508
141	509
141	510
141	511
144	260
144	377
144	513
144	514
144	515
144	516
144	517
144	518
144	519
144	520
147	402
147	521
147	522
147	523
147	524
147	525
147	526
147	527
147	528
147	529
148	40
148	121
148	530
148	531
148	532
148	533
148	534
148	535
148	536
148	537
150	538
150	539
150	540
150	541
150	542
150	543
150	544
150	545
150	546
150	547
153	197
153	473
153	548
153	549
153	550
153	551
153	552
153	553
153	554
153	555
154	167
154	580
154	581
154	582
154	583
154	584
154	585
154	586
154	587
154	588
157	155
157	556
157	557
157	558
157	559
157	560
157	561
157	562
157	563
157	564
158	346
158	495
158	505
158	565
158	566
158	567
158	568
158	569
162	570
162	571
162	572
162	573
162	574
162	575
162	576
162	577
162	578
162	579
165	589
165	590
165	591
165	592
165	593
165	594
165	595
165	596
165	597
165	598
166	205
166	599
166	600
166	601
166	602
166	603
166	604
166	605
166	606
166	607
167	608
167	609
167	610
167	611
167	612
167	613
167	614
167	615
167	616
167	617
168	155
168	157
168	540
168	618
168	619
168	620
168	621
168	622
168	623
168	624
170	78
170	715
170	716
170	717
170	718
170	719
170	720
170	721
170	722
170	723
171	543
171	600
171	616
171	625
171	626
171	627
171	628
171	629
171	630
171	631
175	92
175	190
175	421
175	632
175	633
175	634
175	635
175	636
175	637
175	638
176	180
176	561
176	633
176	639
176	640
176	641
176	642
176	643
176	644
176	645
177	4
180	304
180	639
180	646
180	647
180	648
180	649
180	650
180	651
180	652
180	653
181	359
181	655
181	656
181	657
181	658
181	659
181	660
181	661
181	662
181	663
183	664
184	564
184	665
184	666
184	667
184	668
184	669
184	670
184	671
184	672
184	673
185	3578
185	8662
187	167
187	407
187	568
187	693
187	694
187	695
187	696
187	697
187	698
187	699
189	674
189	675
189	676
189	677
189	678
189	679
189	680
189	681
189	682
189	683
190	1091
190	1579
190	2793
190	3004
190	4496
190	4579
190	5173
190	5355
190	9273
190	9357
192	684
192	685
192	686
192	687
192	688
192	689
192	690
192	691
192	692
193	700
194	9
194	290
194	351
194	581
194	836
194	4391
194	4596
194	4609
194	4870
194	6699
195	278
195	399
195	605
195	701
195	702
195	703
195	704
195	705
195	706
195	707
198	165
198	178
198	675
198	708
198	709
198	710
198	711
198	712
198	713
198	714
200	724
200	725
200	726
200	727
200	728
200	729
200	730
200	731
200	732
200	733
201	359
201	734
201	735
201	736
201	737
201	738
201	739
201	740
201	741
201	742
206	328
206	641
206	753
206	754
206	755
206	756
206	757
206	758
206	759
206	760
207	743
207	744
207	745
207	746
207	747
207	748
207	749
207	750
207	751
207	752
213	172
213	348
213	410
213	761
213	762
213	763
213	764
213	765
213	766
213	767
218	69
218	564
218	768
218	769
218	770
218	771
218	772
218	773
218	774
220	108
220	775
220	776
220	777
220	778
220	779
220	780
220	781
220	782
220	783
221	784
223	355
223	785
223	786
223	787
223	788
223	789
223	790
223	791
223	792
227	58
227	106
227	343
227	344
227	345
227	347
227	793
227	794
227	795
229	161
229	362
229	796
229	797
229	798
229	799
229	800
229	801
229	802
231	1268
231	1269
231	1270
231	1271
231	1272
231	1273
231	1274
234	92
234	627
234	691
234	803
234	804
234	805
234	806
234	807
234	808
234	809
235	4
235	810
235	811
235	812
235	813
235	814
235	815
235	816
235	817
235	818
236	256
236	768
236	773
236	836
236	837
236	838
236	839
236	840
236	841
236	842
237	296
237	579
237	812
237	819
237	820
237	821
237	822
237	823
237	824
237	825
238	826
238	827
238	828
238	829
238	830
238	831
238	832
238	833
238	834
238	835
239	475
239	844
239	910
239	911
239	912
239	913
239	914
239	915
239	916
239	917
240	505
240	518
240	843
240	844
240	845
240	846
240	847
240	848
242	669
242	783
242	809
242	849
242	850
242	851
242	852
242	853
242	854
242	855
244	669
244	957
244	1012
244	1020
244	1021
244	1022
244	1023
244	1024
244	1025
244	1026
247	1275
247	1276
247	1277
247	1278
247	1279
247	1280
248	76
248	419
248	726
248	856
248	857
248	858
248	859
248	860
248	861
248	862
251	685
251	859
251	863
251	864
251	865
251	866
251	867
251	868
251	869
251	870
252	301
252	500
252	866
252	894
252	895
252	896
252	897
252	898
252	899
252	900
253	483
253	886
253	887
253	888
253	889
253	890
253	891
253	892
253	893
254	305
254	901
254	902
254	903
254	904
254	905
254	906
254	907
254	908
254	909
255	864
255	924
255	925
255	926
255	927
255	928
255	929
255	930
255	931
255	932
256	291
256	686
256	812
256	860
256	918
256	919
256	920
256	921
256	922
256	923
260	162
260	329
260	975
260	976
260	977
260	978
260	979
260	980
260	981
261	547
261	933
261	934
261	935
261	936
261	937
261	938
261	939
261	940
261	941
262	103
262	323
262	326
262	330
262	942
262	943
262	944
262	945
262	946
262	947
263	114
263	481
263	1093
263	1588
263	1717
263	2071
263	2122
263	2870
263	2871
263	2872
264	642
264	948
264	949
264	950
264	951
264	952
264	953
264	954
264	955
264	956
265	386
265	484
265	1027
265	1028
265	1029
265	1030
265	1031
265	1032
265	1033
265	1034
266	978
266	1011
266	1012
266	1013
266	1014
266	1015
266	1016
266	1017
266	1018
266	1019
267	628
267	928
267	959
267	960
267	961
267	962
267	963
267	964
267	965
267	966
268	215
268	967
268	968
268	969
268	970
268	971
268	972
268	973
268	974
270	263
270	1044
270	1045
270	1046
270	1047
270	1048
270	1049
270	1050
270	1051
270	1052
272	765
272	982
272	983
272	984
272	985
272	986
272	987
272	988
272	989
273	289
273	635
273	967
273	990
273	991
273	992
273	993
273	994
273	995
273	996
275	149
275	431
275	997
275	998
275	999
275	1000
275	1001
275	1002
275	1003
275	1004
276	1315
277	413
277	637
277	638
277	698
277	1005
277	1006
277	1007
277	1008
277	1009
277	1010
280	264
280	1035
280	1036
280	1037
280	1038
280	1039
280	1040
280	1041
280	1042
280	1043
281	542
281	837
281	2226
281	2468
281	3324
281	4303
281	5152
281	5453
281	5495
281	5496
282	50
285	106
285	345
285	407
285	569
285	1053
285	1054
285	1055
285	1056
285	1057
285	1058
286	203
286	1073
286	1074
286	1075
286	1076
286	1077
286	1078
286	1079
286	1080
286	1081
287	296
287	324
287	332
287	1059
287	1060
287	1061
287	1062
287	1063
287	1064
287	1065
289	370
289	386
289	1066
289	1067
289	1068
289	1069
289	1070
289	1071
289	1072
292	317
292	806
292	1082
292	1083
292	1084
292	1085
292	1086
292	1087
292	1088
292	1089
295	73
295	291
295	534
295	735
295	1090
295	1091
295	1092
295	1093
299	1117
300	861
300	1094
300	1095
300	1096
300	1097
300	1098
300	1099
300	1100
300	1101
301	1102
304	261
304	348
304	381
304	407
304	634
304	1054
304	3038
304	3076
304	6493
304	7397
305	437
305	1080
305	1103
305	1104
305	1105
305	1106
305	1107
305	1108
305	1109
305	1110
306	1118
308	365
308	367
308	619
308	752
308	1111
308	1112
308	1113
308	1114
308	1115
308	1116
311	970
311	3091
311	3216
311	3323
311	3324
311	3325
311	3326
311	3327
311	3328
314	535
314	560
314	596
314	850
314	973
314	1109
314	1119
314	1120
314	1121
314	1122
314	1123
314	1124
314	1125
314	1126
314	1127
314	1128
314	1129
314	1130
314	1131
314	1132
314	1133
314	1134
314	1135
314	1136
314	1137
314	1138
314	1139
315	1077
315	1157
315	1158
315	1159
315	1160
315	1161
315	1162
315	1163
315	1164
315	1165
316	390
316	848
316	1140
316	1141
316	1142
316	1143
316	1144
316	1145
316	1146
316	1147
317	830
317	1148
317	1149
317	1150
317	1151
317	1152
317	1153
317	1154
317	1155
317	1156
318	527
318	669
318	1166
318	1167
318	1168
318	1169
318	1170
318	1171
318	1172
318	1173
327	324
327	764
327	801
327	923
327	1174
327	1175
327	1176
327	1177
327	1178
327	1179
328	164
328	272
328	323
328	342
328	1180
328	1181
328	1182
328	1183
328	1184
328	1185
331	1186
331	1187
331	1188
331	1189
331	1190
331	1191
331	1192
331	1193
331	1194
331	1195
333	1196
335	397
335	734
335	1197
335	1198
335	1199
335	1200
335	1201
335	1202
335	1203
335	1204
336	1205
340	4998
340	6828
343	44
343	494
343	1203
343	1206
343	1207
343	1208
343	1209
343	1210
343	1211
344	88
344	399
344	782
344	1146
344	1212
344	1213
344	1214
344	1215
344	1216
344	1217
345	1218
345	1219
345	1220
345	1221
345	1222
345	1223
345	1224
345	1225
345	1226
345	1227
346	1228
346	1229
346	1230
346	1231
346	1232
346	1233
346	1234
346	1235
346	1236
347	883
347	1237
347	1238
347	1239
347	1240
347	1241
347	1242
347	1243
347	1244
347	1245
348	1095
348	1246
348	1247
348	1248
348	1249
348	1250
348	1251
348	1252
348	1253
348	1254
349	466
349	693
349	695
349	698
349	1247
349	1255
349	1256
349	1257
349	1258
349	1259
351	1310
352	700
352	1083
352	1260
352	1261
352	1262
352	1263
352	1264
352	1265
352	1266
352	1267
354	407
354	699
354	765
354	867
354	945
354	1072
354	1255
354	1299
354	1300
354	1301
355	1049
355	1174
355	1281
355	1282
355	1283
355	1284
355	1285
355	1286
355	1287
356	145
356	367
356	1302
356	1303
356	1304
356	1305
356	1306
356	1307
356	1308
356	1309
358	54
358	224
358	413
358	678
358	975
358	1288
358	1289
358	1290
358	1291
358	1292
360	411
360	1047
360	1151
360	1215
360	1293
360	1294
360	1295
360	1296
360	1297
360	1298
369	80
369	1311
369	1312
369	1313
369	1314
375	129
375	346
375	505
375	565
375	566
375	849
375	1316
375	1317
375	1318
381	395
381	1084
381	1319
381	1320
381	1321
381	1322
381	1323
381	1324
381	1325
381	1326
385	161
385	1747
385	2396
385	2898
385	3513
385	3684
385	4338
385	4339
385	4340
386	311
386	646
386	1020
386	1091
386	1119
386	1327
386	1328
386	1329
386	1330
386	1331
387	735
387	1332
387	1333
387	1334
387	1335
387	1336
387	1337
387	1338
387	1339
387	1340
390	289
390	1341
390	1342
390	1343
390	1344
390	1345
390	1346
390	1347
390	1348
390	1349
391	146
397	1197
397	1248
397	1350
397	1351
397	1352
397	1353
397	1354
397	1355
397	1356
405	790
405	819
405	933
405	1157
405	1217
405	1357
405	1358
405	1359
405	1360
405	1361
407	363
407	695
407	877
407	884
407	1362
407	1363
407	1364
407	1365
407	1366
408	497
408	595
408	1172
408	1367
408	1368
408	1369
408	1370
408	1371
408	1372
408	1373
409	803
409	1020
409	1374
409	1375
409	1376
409	1377
409	1378
409	1379
409	1380
410	102
410	591
410	617
410	717
410	1381
410	1382
410	1383
410	1384
410	1385
410	1386
411	4
411	129
411	572
411	585
411	1414
411	1415
411	1416
411	1417
411	1418
411	1419
412	388
412	1387
412	1388
412	1389
412	1390
412	1391
412	1392
412	1393
412	1394
412	1395
413	1396
413	1397
413	1398
413	1399
413	1400
413	1401
413	1402
413	1403
413	1404
415	1527
421	361
421	921
421	1396
421	1420
421	1421
421	1422
421	1423
421	1424
421	1425
421	1426
423	221
423	1405
423	1406
423	1407
423	1408
423	1409
423	1410
423	1411
423	1412
423	1413
424	758
424	1247
424	1427
424	1428
424	1429
424	1430
424	1431
424	1432
424	1433
426	1145
426	1434
426	1435
426	1436
426	1437
426	1438
426	1439
426	1440
426	1441
427	1448
427	1449
427	1450
427	1451
427	1452
427	1453
427	1454
427	1455
427	1456
427	1457
428	137
428	251
428	533
428	752
428	1442
428	1443
428	1444
428	1445
428	1446
428	1447
429	2808
429	2904
429	3052
429	3502
429	4034
429	4836
429	4837
429	4838
429	4839
429	4840
430	640
430	1462
430	1463
430	1464
430	1465
430	1466
430	1467
430	1468
430	1469
430	1470
433	4
433	576
433	720
433	874
433	1125
433	1345
433	1458
433	1459
433	1460
433	1461
438	481
438	1471
438	1472
438	1473
438	1474
438	1475
438	1476
438	1477
438	1478
438	1479
439	117
439	612
439	803
439	1196
439	1480
439	1481
439	1482
439	1483
439	1484
439	1485
442	1424
442	1700
445	293
445	739
445	1486
445	1487
445	1488
445	1489
445	1490
445	1491
445	1492
445	1493
446	295
446	1494
446	1495
446	1496
446	1497
446	1498
446	1499
446	1500
446	1501
446	1502
447	148
447	174
447	346
447	628
447	693
447	987
447	1503
447	1504
447	1505
447	1506
448	263
448	2341
448	3004
448	3530
448	4173
448	5150
448	6417
448	6634
448	6735
448	6736
453	638
453	913
453	1222
453	1507
453	1508
453	1509
453	1510
453	1511
453	1512
453	1513
458	112
458	292
458	1016
458	1514
458	1515
458	1516
458	1517
458	1518
458	1519
458	1520
463	261
463	551
463	696
463	1058
463	1528
463	1529
463	1530
463	1531
463	1532
464	365
464	601
464	1011
464	1226
464	1341
464	1521
464	1522
464	1523
464	1524
464	1525
465	1526
467	871
467	900
467	1397
467	1554
467	1555
467	1556
467	1557
467	1558
467	1559
467	1560
468	369
468	880
468	1314
468	1544
468	1545
468	1546
468	1547
468	1548
468	1549
468	1550
472	1605
473	127
473	168
473	265
473	1353
473	1533
473	1534
473	1535
473	1536
473	1537
473	1538
474	181
474	233
474	245
474	249
474	896
474	1539
474	1540
474	1541
474	1542
474	1543
475	148
475	628
475	766
475	987
475	1164
475	1503
475	1551
475	1552
475	1553
476	474
476	560
476	1461
476	1561
476	1562
476	1563
476	1564
476	1565
476	1566
476	1567
480	237
480	290
480	503
480	753
480	801
480	1568
480	1569
480	1570
480	1571
480	1572
483	147
483	1020
483	1119
483	1122
483	1579
483	1580
483	1581
483	1582
483	1583
483	1584
484	436
484	668
484	730
484	731
484	1573
484	1574
484	1575
484	1576
484	1577
484	1578
485	1709
485	1710
485	1711
485	1712
486	165
486	407
486	568
486	694
486	695
486	696
486	697
486	698
486	699
486	1255
487	213
487	287
487	544
487	1585
487	1586
487	1587
487	1588
487	1589
487	1590
487	1591
489	325
489	544
489	672
489	922
489	1160
489	1592
489	1593
489	1594
489	1595
489	1596
493	172
493	173
493	636
493	761
493	762
493	763
493	765
493	1456
493	1536
493	1597
495	720
495	893
495	1281
495	1598
495	1599
495	1600
495	1601
495	1602
495	1603
495	1604
496	92
496	709
496	1619
496	1620
496	1621
496	1622
496	1623
496	1624
496	1625
496	1626
498	41
498	731
498	978
498	1044
498	1606
498	1607
498	1608
498	1609
498	1610
498	1611
501	500
504	1780
504	1781
504	1782
504	1783
504	1784
506	261
506	410
506	538
506	765
506	867
506	945
506	1072
506	1088
506	1612
506	1613
507	261
507	538
507	565
507	765
507	1299
507	1614
507	1615
507	1616
507	1617
507	1618
510	246
510	361
510	880
510	1636
510	1637
510	1638
510	1639
510	1640
510	1641
510	1642
511	1407
511	1724
511	1816
511	1817
512	989
512	1627
512	1628
512	1629
512	1630
512	1631
512	1632
512	1633
512	1634
512	1635
515	497
515	517
515	1625
515	1627
515	1643
515	1644
515	1645
515	1646
515	1647
515	1648
516	665
516	914
516	945
516	1042
516	1054
516	1299
516	1649
516	1650
516	1651
516	1652
519	146
519	390
519	1653
519	1654
519	1655
519	1656
519	1657
519	1658
519	1659
519	1660
524	261
524	410
524	565
524	765
524	867
524	945
524	1072
524	1299
524	1304
524	1666
526	245
526	804
526	897
526	1369
526	1661
526	1662
526	1663
526	1664
526	1665
527	174
527	887
527	1083
527	1165
527	1667
527	1668
527	1669
527	1670
527	1671
527	1672
528	290
528	451
528	742
528	1831
528	1866
528	1867
531	311
531	1644
531	1673
531	1674
531	1675
531	1676
531	1677
531	1678
531	1679
531	1680
533	571
533	941
533	1136
533	1681
533	1682
533	1683
533	1684
533	1685
533	1686
533	1687
535	422
535	1632
535	1688
535	1689
535	1690
535	1691
535	1692
535	1693
535	1694
535	1695
536	296
536	337
536	834
536	1441
536	1647
536	1696
536	1697
536	1698
536	1699
543	1985
543	1986
543	1987
545	553
545	659
545	1701
545	1702
545	1703
545	1704
545	1705
545	1706
545	1707
545	1708
547	1713
547	1714
547	1715
547	1716
547	1717
547	1718
547	1719
547	1720
547	1721
547	1722
549	1254
549	1723
549	1724
549	1725
549	1726
549	1727
549	1728
549	1729
549	1730
550	59
550	1308
550	1725
550	1727
550	1731
550	1732
550	1733
550	1734
550	1735
550	1736
556	185
556	315
556	539
556	1484
556	1694
556	1737
556	1738
556	1739
556	1740
556	1741
557	870
558	1165
558	1197
558	1669
558	1742
558	1743
558	1744
558	1745
558	1746
558	1747
558	1748
562	69
562	70
562	164
562	824
562	1763
562	1764
562	1765
562	1766
562	1767
562	1768
563	1749
563	1750
563	1751
563	1752
563	1753
563	1754
563	1755
563	1756
563	1757
563	1758
565	1356
565	1759
565	1760
565	1761
565	1762
566	63
566	388
566	403
566	458
566	459
566	1564
566	1773
566	1774
566	1775
566	1776
567	367
567	547
567	1823
567	1824
567	1825
567	1826
567	1827
567	1828
567	1829
567	1830
568	540
568	621
568	961
568	1710
568	1769
568	1770
568	1771
568	1772
569	71
569	130
569	131
569	430
569	763
569	851
569	1608
569	1831
569	1832
569	1833
570	1247
570	1349
570	2619
570	3300
570	3429
570	3686
570	3793
570	6043
570	6226
571	669
571	1536
571	1777
571	1778
571	1779
574	1336
574	1443
574	1932
574	2396
574	4188
574	4427
574	4957
574	5080
574	5081
574	5082
575	125
575	530
575	1689
575	1798
575	1799
575	1800
575	1801
575	1802
575	1803
575	1804
576	86
576	832
576	1026
576	1603
576	1785
576	1786
576	1787
576	1788
576	1789
576	1790
577	332
577	369
577	1791
577	1792
577	1793
577	1794
577	1795
577	1796
577	1797
580	1176
580	1218
580	1709
580	1795
580	1805
580	1806
580	1807
580	1808
580	1809
580	1810
581	587
581	679
581	1146
581	1221
581	1555
581	1811
581	1812
581	1813
581	1814
581	1815
582	288
582	583
582	1142
582	1187
582	1636
582	1818
582	1819
582	1820
582	1821
582	1822
586	390
586	1332
586	1669
586	1834
586	1835
586	1836
586	1837
586	1838
586	1839
590	1317
590	1802
590	1840
590	1841
590	1842
590	1843
590	1844
590	1845
590	1846
590	1847
591	146
591	390
591	573
591	1091
591	1158
591	1848
591	1849
591	1850
591	1851
591	1852
592	1873
592	1874
592	1875
592	1876
592	1877
592	1878
592	1879
592	1880
592	1881
592	1882
593	2152
595	74
595	889
595	1853
595	1854
595	1855
595	1856
595	1857
595	1858
595	1859
596	106
596	343
596	344
596	345
596	346
596	347
596	348
596	794
596	795
597	491
597	700
597	1082
597	1603
597	1860
597	1861
597	1862
597	1863
597	1864
597	1865
599	4
599	874
601	165
601	407
601	469
601	568
601	693
601	694
601	695
601	697
601	698
601	1255
603	295
603	469
603	544
603	1160
603	1458
603	1868
603	1869
603	1870
603	1871
603	1872
604	85
604	373
604	2227
604	3166
604	3173
604	3808
604	4204
604	4651
604	4652
604	4653
605	1893
605	1894
605	1895
605	1896
605	1897
605	1898
605	1899
605	1900
605	1901
605	1902
610	1109
610	1186
610	1234
610	1628
610	1883
610	1884
610	1885
610	1886
610	1887
611	287
611	1194
611	1571
611	1722
611	1822
611	1888
611	1889
611	1890
611	1891
611	1892
615	263
615	538
615	765
615	983
615	987
615	989
615	1553
615	1903
615	1904
615	1905
617	208
617	649
617	693
617	694
617	697
617	1764
617	1912
617	1913
617	1914
617	1915
620	1916
620	1917
620	1918
620	1919
620	1920
620	1921
620	1922
620	1923
620	1924
620	1925
621	86
621	260
621	389
621	1409
621	1906
621	1907
621	1908
621	1909
621	1910
621	1911
628	322
628	342
628	760
628	946
628	1926
628	1927
628	1928
628	1929
628	1930
628	1931
630	223
630	241
630	608
630	711
630	1817
630	1932
630	1933
630	1934
630	1935
630	1936
631	438
631	752
631	1030
631	1232
631	1937
631	1938
631	1939
631	1940
631	1941
631	1942
632	93
632	180
632	190
632	223
632	267
632	1185
632	1946
632	1947
632	1948
632	1949
633	180
633	190
633	223
633	925
633	928
633	1209
633	1340
633	1943
633	1944
633	1945
636	2013
637	487
637	1091
637	1962
637	1963
637	1964
637	1965
637	1966
637	1967
637	1968
637	1969
638	282
638	898
638	1950
638	1951
638	1952
638	1953
638	1954
638	1955
638	1956
638	1957
639	58
639	92
639	127
639	133
639	1322
639	1958
639	1959
639	1960
639	1961
641	1970
642	2237
642	2238
642	2239
642	2240
642	2241
645	1974
647	410
647	566
647	826
647	1551
647	1699
647	1959
647	1971
647	1972
647	1973
648	2008
648	2009
648	2010
648	2011
648	2012
649	4
649	230
649	613
649	614
649	803
649	886
649	1975
649	1976
649	1977
649	1978
650	596
650	653
650	1648
650	1931
650	1979
650	1980
650	1981
650	1982
650	1983
650	1984
654	280
654	329
654	1824
654	1988
654	1989
654	1990
654	1991
654	1992
654	1993
654	1994
656	2014
657	340
657	1417
657	1760
657	1995
657	1996
657	1997
657	1998
657	1999
657	2000
660	46
660	134
660	2001
660	2002
660	2003
660	2004
660	2005
660	2006
660	2007
661	2612
661	2877
661	4435
661	5616
661	5693
661	7049
661	7050
661	7051
661	7052
661	7053
664	319
664	1169
664	3454
664	3456
664	4185
664	4678
664	4814
664	5608
664	6511
666	165
666	407
666	568
666	693
666	694
666	695
666	696
666	697
666	698
666	1255
668	1435
668	1538
668	2015
668	2016
668	2017
668	2018
668	2019
668	2020
668	2021
668	2022
669	171
669	290
669	385
669	982
669	1538
669	1777
669	2015
669	2022
669	2050
669	2051
670	1571
671	469
671	1751
671	2007
671	2023
671	2024
671	2025
671	2026
671	2027
671	2028
671	2029
673	800
673	1417
673	1497
673	2030
673	2031
673	2032
673	2033
673	2034
673	2035
673	2036
674	832
674	1555
674	2037
674	2038
674	2039
674	2040
674	2041
674	2042
674	2043
674	2044
675	164
675	170
675	307
675	648
675	696
675	1533
675	2046
675	2047
675	2048
675	2049
676	2045
678	330
678	2069
678	2070
678	2071
678	2072
678	2073
678	2074
678	2075
678	2076
678	2077
683	75
683	1356
683	2052
683	2053
683	2054
683	2055
683	2056
683	2057
683	2058
683	2059
684	50
684	2060
684	2061
684	2062
684	2063
684	2064
684	2065
684	2066
684	2067
684	2068
685	2086
685	2087
685	2088
685	2089
685	2090
685	2091
685	2092
685	2093
685	2094
685	2095
688	898
688	1258
688	2078
688	2079
688	2080
688	2081
688	2082
688	2083
688	2084
688	2085
691	411
691	1664
691	1739
691	2106
691	2107
691	2108
691	2109
691	2110
691	2111
691	2112
692	263
692	538
692	697
692	765
692	983
692	1553
692	1904
692	1905
692	2096
692	2097
693	1845
693	2098
693	2099
693	2100
693	2101
693	2102
693	2103
693	2104
693	2105
695	903
696	531
696	1197
696	2113
696	2114
696	2115
696	2116
696	2117
696	2118
696	2119
696	2120
697	77
698	304
698	639
698	956
698	1231
698	1589
698	2018
698	2285
698	5020
698	5030
698	5711
699	1258
699	1406
699	2121
699	2122
699	2123
699	2124
699	2125
699	2126
699	2127
699	2128
702	478
702	1808
702	1963
702	2094
702	2977
702	3574
702	3684
702	4674
702	5054
702	5055
703	796
703	2129
703	2130
703	2131
703	2132
703	2133
703	2134
703	2135
703	2136
704	127
704	454
704	1229
704	1625
704	1663
704	1804
704	2137
704	2138
704	2139
705	86
705	390
705	1411
705	1657
705	1659
705	1923
705	2140
705	2141
705	2142
705	2143
706	100
706	2127
706	2144
706	2145
706	2146
706	2147
706	2148
706	2149
706	2150
706	2151
707	5869
708	1085
708	2153
708	2154
708	2155
708	2156
708	2157
708	2158
708	2159
708	2160
708	2161
709	421
709	487
709	1164
709	1204
709	2166
709	2167
709	2168
709	2169
709	2170
709	2171
713	92
713	99
713	277
713	367
713	474
713	1918
713	2162
713	2163
713	2164
713	2165
714	351
714	356
714	811
714	829
714	1602
714	2054
714	2172
714	2173
714	2174
714	2175
716	251
716	392
716	642
716	931
716	1171
716	1813
716	2014
716	2176
716	2177
716	2178
717	54
717	603
717	1525
717	1915
717	2179
717	2180
717	2181
717	2182
717	2183
717	2184
719	669
719	726
719	982
719	1219
719	1579
719	2117
719	2185
719	2186
719	2187
721	797
721	1458
721	2067
721	2188
721	2189
721	2190
721	2191
721	2192
721	2193
721	2194
722	165
722	412
722	453
722	699
722	1054
722	2195
722	2196
722	2197
722	2198
723	1982
723	2091
723	2199
723	2200
723	2201
723	2202
723	2203
723	2204
723	2205
723	2206
726	290
726	669
726	701
726	2207
726	2208
727	454
727	927
727	1369
727	1860
727	1979
727	2209
727	2210
727	2211
727	2212
727	2213
728	367
728	494
728	657
728	664
728	1456
728	1501
728	1630
728	2221
728	2222
729	1045
729	1159
729	2214
729	2215
729	2216
729	2217
729	2218
729	2219
729	2220
734	2223
738	2224
740	1426
740	2214
740	2215
740	2217
740	2225
740	2226
740	2227
740	2228
740	2229
740	2230
744	481
744	497
744	1182
744	2013
744	2231
744	2232
744	2233
744	2234
744	2235
744	2236
745	4585
747	2242
748	593
748	1929
748	1931
748	1934
748	2243
748	2244
748	2245
748	2246
748	2247
748	2248
750	929
750	1503
750	2249
750	2250
750	2251
750	2252
750	2253
750	2254
750	2255
750	2256
753	198
753	512
753	2098
753	2276
753	2277
753	2278
753	2279
753	2280
753	2281
753	2282
754	6
754	232
754	1318
754	1429
754	1449
754	2257
754	2258
754	2259
754	2260
754	2261
756	282
756	395
756	1816
756	5684
756	6137
756	6453
756	6496
756	6622
756	6724
756	6725
758	205
758	719
758	1445
758	1759
758	1777
758	1968
758	2262
758	2263
758	2264
760	2121
760	2379
761	326
761	1929
761	2294
761	2295
761	2296
762	408
762	628
762	889
762	1533
762	2265
762	2266
762	2267
762	2268
762	2269
762	2270
763	1410
763	1580
763	1598
763	2271
763	2272
763	2273
763	2274
763	2275
765	67
765	68
765	422
765	1152
765	1408
765	1907
765	2283
765	2284
765	2285
765	2286
766	552
766	1274
766	1415
766	1644
766	1716
766	2287
766	2288
766	2289
766	2290
768	549
768	892
768	1050
768	1980
768	2050
768	2283
768	2291
768	2292
768	2293
774	148
774	538
774	628
774	766
774	1503
774	1551
774	1552
774	1553
774	2186
776	407
776	847
776	982
776	984
776	985
776	988
776	989
776	1506
776	2297
781	449
781	903
781	1160
781	1341
781	2396
781	2471
781	2472
781	2473
781	2474
781	2475
781	2476
786	208
786	1705
786	2498
786	2499
786	2500
786	2501
786	2502
786	2503
788	402
788	1399
788	2298
788	2299
788	2300
788	2301
788	2302
788	2303
788	2304
788	2305
789	742
789	2312
789	2313
789	2314
789	2315
789	2316
789	2317
789	2318
789	2319
789	2320
790	1017
790	1194
790	1261
790	1359
790	1747
790	2204
790	2321
790	2322
790	2323
790	2324
791	487
791	992
791	2109
791	2181
791	2306
791	2307
791	2308
791	2309
791	2310
791	2311
792	604
792	605
792	1974
792	2325
792	2326
792	2327
792	2328
792	2329
792	2330
792	2331
794	922
794	1233
794	2332
794	2333
794	2334
794	2335
794	2336
794	2337
794	2338
794	2339
798	58
798	171
798	424
798	638
798	2340
798	2341
798	2342
798	2343
798	2344
798	2345
807	2602
811	22
811	320
811	1079
811	1393
811	2156
811	2346
811	2347
811	2348
811	2349
811	2350
816	2351
820	260
820	272
820	1648
820	2309
820	2352
820	2353
820	2354
820	2355
820	2356
820	2357
821	372
821	1108
821	1728
821	2072
821	2248
821	2375
821	2376
821	2377
821	2378
822	455
822	1699
822	1860
822	1940
822	2358
822	2359
822	2360
822	2361
822	2362
822	2363
823	174
823	344
823	636
823	867
823	1456
823	1536
823	1553
823	2364
823	2365
823	2366
825	217
825	526
825	965
825	1054
825	3588
825	4226
825	6238
825	6951
825	7186
825	7996
826	31
826	138
826	385
826	1128
826	1643
826	2002
826	2367
826	2368
826	2369
826	2370
827	174
827	405
827	409
827	411
827	412
827	771
827	2371
827	2372
827	2373
827	2374
829	100
829	1090
829	1853
829	2515
829	2738
829	4513
829	6191
829	6192
829	6193
830	481
830	685
830	1325
830	1728
830	2157
830	2392
830	2393
830	2394
831	20
831	378
831	830
831	1528
831	1833
831	2384
831	2385
831	2386
831	2387
832	169
832	517
832	985
832	988
832	2250
832	2331
832	2380
832	2381
832	2382
832	2383
835	187
835	190
835	260
835	613
835	2388
835	2389
835	2390
835	2391
837	30
837	340
837	1164
837	1716
837	2354
837	2411
837	2412
837	2413
837	2414
837	2415
838	415
838	2402
838	2403
838	2404
838	2405
838	2406
838	2407
838	2408
838	2409
838	2410
839	332
839	1466
839	1910
839	2395
839	2396
839	2397
839	2398
839	2399
839	2400
839	2401
840	2420
840	2421
840	2422
840	2423
840	2424
840	2425
840	2426
840	2427
840	2428
840	2429
841	185
841	256
841	838
841	842
841	1421
841	1988
841	2416
841	2417
841	2418
841	2419
842	109
842	1252
842	2281
842	2430
842	2431
842	2432
842	2433
842	2434
842	2435
842	2436
844	143
844	1008
844	1894
844	2260
844	2453
844	2454
844	2455
844	2456
844	2457
844	2458
846	720
846	1835
846	2208
846	2375
846	2440
846	2459
846	2460
846	2461
846	2462
846	2463
847	2388
847	2389
847	2437
847	2438
847	2439
847	2440
847	2441
847	2442
847	2443
847	2444
849	1143
849	1216
849	2229
849	2464
849	2465
849	2466
849	2467
849	2468
849	2469
849	2470
850	1819
850	2015
850	2445
850	2446
850	2447
850	2448
850	2449
850	2450
850	2451
850	2452
851	129
851	183
851	505
851	565
851	566
851	567
851	568
851	1316
851	6265
853	1598
853	1710
853	2490
853	2491
853	2492
853	2493
853	2494
853	2495
853	2496
853	2497
855	90
855	407
855	565
855	694
855	695
855	699
855	984
855	1056
855	1603
855	2477
856	334
856	781
856	1001
856	2208
856	2439
856	2513
856	2514
856	2515
856	2516
856	2517
857	499
857	873
857	879
857	884
857	1090
857	1402
857	2221
857	2487
857	2488
857	2489
858	605
858	812
858	1048
858	1786
858	2478
858	2479
858	2480
858	2481
858	2482
858	2483
859	131
859	133
859	267
859	429
859	677
859	794
859	1652
859	2484
859	2485
859	2486
862	13
862	216
862	648
862	758
862	1711
862	2274
862	2504
862	2505
862	2506
862	2507
864	58
864	128
864	257
864	664
864	1056
864	1347
864	2177
864	2413
864	2550
864	2551
865	993
865	1203
865	2260
865	2442
865	2508
865	2509
865	2510
865	2511
865	2512
866	709
866	1322
866	1426
866	2473
866	2524
866	2525
866	2526
866	2527
866	2528
866	2529
867	213
867	596
867	674
867	1854
867	2518
867	2519
867	2520
867	2521
867	2522
867	2523
868	298
868	379
868	1307
868	2543
868	2544
870	268
870	306
870	2037
870	2530
870	2531
870	2532
870	2533
870	2534
870	2535
870	2536
871	901
871	1160
871	1169
871	1705
871	2537
871	2538
871	2539
871	2540
871	2541
871	2542
882	1143
882	1441
882	1900
882	1962
882	2454
882	2545
882	2546
882	2547
882	2548
882	2549
886	257
886	554
886	650
886	878
886	1406
886	1836
886	2091
886	2557
886	2558
886	2559
889	167
889	606
889	1501
889	1546
889	1581
889	2552
889	2553
889	2554
889	2555
889	2556
890	436
890	762
890	1791
890	2169
890	2392
890	2564
890	2565
890	2566
890	2567
890	2568
891	161
891	992
891	1330
891	1393
891	1626
891	2381
891	2560
891	2561
891	2562
891	2563
892	900
892	1378
892	2569
892	2570
892	2571
892	2572
892	2573
892	2574
892	2575
892	2576
893	261
893	410
893	565
893	699
893	765
893	867
893	945
893	1072
893	1255
893	1299
894	2582
896	509
896	660
896	1604
896	1665
896	1765
896	2577
896	2578
896	2579
896	2580
896	2581
897	147
897	410
897	566
897	826
897	1551
897	1971
897	3060
897	4195
897	5133
898	2824
901	129
901	695
901	699
901	1055
901	1164
901	1198
901	1456
901	1552
901	1971
902	276
902	739
902	786
902	1418
902	2394
902	2583
902	2584
902	2585
902	2586
902	2587
904	244
904	1714
904	2408
904	2409
904	2588
904	2589
904	2590
904	2591
904	2592
904	2593
906	30
906	1227
906	2594
906	2595
906	2596
906	2597
906	2598
906	2599
906	2600
906	2601
911	932
911	957
911	958
911	1067
911	1612
911	3066
911	4673
911	5028
911	5357
911	5358
912	293
912	569
912	763
912	1968
912	2256
912	2620
912	2621
912	2622
912	2623
912	2624
916	1391
916	1398
916	1406
916	2168
916	2603
916	2604
916	2605
916	2606
916	2607
916	2608
920	127
920	187
920	697
920	841
920	1353
920	1534
920	1535
920	1537
920	1553
920	2096
922	617
922	1171
922	1766
922	2049
922	2609
922	2610
922	2611
922	2612
922	2613
923	30
923	1159
923	1579
923	1600
923	2614
923	2615
923	2616
923	2617
923	2618
923	2619
924	464
924	927
924	928
924	929
924	1158
924	1780
924	2662
924	2663
924	2664
924	2665
925	105
925	128
925	1278
925	1288
925	1848
925	2356
925	2625
925	2626
925	2627
925	2628
927	433
927	654
927	681
927	1563
927	2629
927	2630
927	2631
927	2632
927	2633
928	520
928	750
928	824
928	1075
928	1077
928	1634
928	1997
928	2634
928	2635
928	2636
930	17
930	97
930	332
930	1056
930	1441
930	1771
930	2637
930	2638
930	2639
930	2640
931	1171
931	2176
931	2375
931	2652
931	2653
931	2654
931	2655
931	2656
931	2657
931	2658
932	2251
932	2606
932	2641
932	2642
932	2643
932	2644
932	2645
932	2646
932	2647
932	2648
934	834
934	850
934	1008
934	1125
934	1295
934	2595
934	2666
934	2667
934	2668
935	1202
935	1824
935	1886
935	2678
935	2679
935	2680
935	2681
935	2682
935	2683
936	2677
937	2887
937	2888
938	935
938	1217
938	2669
938	2670
938	2671
938	2672
938	2673
938	2674
938	2675
938	2676
941	172
941	407
941	568
941	636
941	694
941	695
941	696
941	697
941	763
941	764
943	1217
943	1303
943	1863
943	1911
943	2168
943	2380
943	2606
943	2697
943	2698
943	2699
945	176
945	205
945	602
945	850
945	966
945	1362
945	1699
945	2684
945	2685
945	2686
946	367
946	702
946	1186
946	1322
946	1461
946	1842
946	2089
946	2602
946	2687
948	1918
952	850
952	2688
952	2689
952	2690
952	2691
952	2692
952	2693
952	2694
952	2695
952	2696
954	2
954	1648
954	1658
954	1904
954	1968
954	2700
954	2701
954	2702
954	2703
954	2704
955	132
955	335
955	1658
955	1755
955	1799
955	2714
955	2715
955	2716
955	2717
955	2718
956	182
956	418
956	1675
956	2580
956	2705
956	2706
956	2707
956	2708
956	2709
956	2710
958	158
958	220
958	344
958	697
958	1503
958	1613
958	1689
958	2711
958	2712
958	2713
959	2719
961	493
961	574
961	674
961	2574
961	2605
961	2720
961	2721
961	2722
961	2723
961	2724
963	198
963	421
963	691
963	1005
963	3305
963	3435
963	3664
963	4255
963	5668
963	5669
967	350
967	946
967	1588
967	1771
967	2071
967	2333
967	2492
967	2659
967	2660
967	2661
968	870
968	1338
968	1419
968	1428
968	1597
968	2725
968	2726
968	2727
968	2728
968	2729
971	401
971	2140
971	2730
971	2731
971	2732
971	2733
971	2734
971	2735
971	2736
971	2737
972	631
972	1014
972	1062
972	1095
972	1311
972	1657
972	2310
972	2761
972	2762
972	2763
977	343
977	505
977	1886
977	2738
977	2739
977	2740
977	2741
977	2742
977	2743
977	2744
980	2745
983	185
983	279
983	426
983	2156
983	2780
983	2781
983	2782
983	2783
983	2784
983	2785
984	647
984	1555
984	2568
984	2746
984	2747
984	2748
984	2749
984	2750
984	2751
984	2752
985	141
985	616
985	801
985	2346
985	2753
985	2754
985	2755
985	2756
985	2757
987	18
987	118
987	1087
987	1158
987	1459
987	2117
987	2362
987	2758
987	2759
987	2760
988	933
988	1249
988	2075
988	2268
988	4389
988	5002
988	5301
988	5369
988	5982
988	5983
989	1041
989	1144
989	1395
989	1579
989	2265
989	2764
989	2765
989	2766
989	2767
989	2768
990	759
990	897
990	1312
990	1502
990	2478
990	2775
990	2776
990	2777
990	2778
990	2779
992	503
992	815
992	960
992	1616
992	2769
992	2770
992	2771
992	2772
992	2773
992	2774
1003	342
1003	567
1003	1129
1003	1817
1003	2315
1003	2786
1003	2787
1003	2788
1003	2789
1008	202
1008	371
1008	374
1008	512
1008	956
1008	1056
1008	1254
1008	2790
1008	2791
1008	2792
1015	323
1015	416
1015	473
1015	545
1015	2292
1015	2792
1015	2793
1015	2794
1015	2795
1015	2796
1017	127
1017	697
1017	1534
1017	1535
1017	1537
1017	1552
1017	1553
1017	2096
1017	2372
1017	2710
1018	382
1018	781
1018	2901
1018	2932
1018	2933
1018	2934
1018	2935
1018	2936
1018	2937
1019	642
1019	895
1019	1072
1019	1598
1019	2762
1019	2797
1019	2798
1019	2799
1019	2800
1019	2801
1021	275
1021	1033
1021	2235
1021	2779
1021	2812
1021	2813
1021	2814
1021	2815
1021	2816
1021	2817
1024	133
1024	165
1024	407
1024	436
1024	568
1024	693
1024	695
1024	696
1024	699
1024	1354
1025	499
1025	1230
1025	2133
1025	2232
1025	2433
1025	2807
1025	2808
1025	2809
1025	2810
1025	2811
1026	115
1026	1109
1026	1491
1026	1818
1026	2491
1026	2802
1026	2803
1026	2804
1026	2805
1026	2806
1030	4
1030	161
1030	318
1030	622
1030	1165
1030	1419
1030	1758
1030	2821
1030	2822
1030	2823
1031	565
1031	659
1031	765
1031	945
1031	1299
1031	1459
1031	2818
1031	2819
1031	2820
1033	1963
1034	2478
1042	679
1042	1198
1042	1485
1042	1759
1042	1997
1042	2161
1042	2825
1042	2826
1042	2827
1042	2828
1048	142
1048	374
1048	561
1048	605
1048	812
1048	1639
1048	2323
1048	2480
1048	2684
1048	2829
1050	1335
1050	1451
1050	1626
1050	2156
1050	2239
1050	2449
1050	2498
1050	2830
1050	2831
1050	2832
1051	527
1051	721
1051	1049
1051	2841
1052	625
1052	2833
1052	2834
1052	2835
1052	2836
1052	2837
1052	2838
1052	2839
1052	2840
1053	325
1053	951
1053	1172
1053	1423
1053	1558
1053	2487
1053	2842
1053	2843
1053	2844
1054	220
1054	2060
1054	2845
1054	2846
1054	2847
1054	2848
1054	2849
1054	2850
1054	2851
1054	2852
1057	2013
1057	2853
1057	2854
1057	2855
1057	2856
1057	2857
1057	2858
1057	2859
1057	2860
1057	2861
1058	1842
1058	2862
1058	2863
1058	2864
1058	2865
1058	2866
1058	2867
1058	2868
1058	2869
1061	325
1061	1114
1061	2299
1061	2873
1061	2874
1061	2875
1061	2876
1061	2877
1061	2878
1061	2879
1065	6
1065	374
1065	687
1065	824
1065	2018
1065	2069
1065	2698
1065	2880
1065	2881
1065	2882
1067	546
1067	2883
1067	2884
1067	2885
1068	2886
1070	9
1070	2043
1070	2527
1070	2866
1070	5288
1070	6439
1070	7240
1070	8832
1070	10149
1070	10390
1071	142
1071	176
1071	293
1071	561
1071	1969
1071	2236
1071	2945
1071	2946
1072	182
1072	264
1072	992
1072	1198
1072	2380
1072	2902
1072	2903
1072	2904
1072	2905
1072	2906
1073	87
1073	161
1073	282
1073	2244
1073	2304
1073	2466
1073	3181
1073	6421
1073	7529
1073	7530
1076	329
1076	352
1076	1283
1076	1858
1076	2022
1076	2889
1076	2890
1076	2891
1076	2892
1076	2893
1079	1012
1079	2044
1079	2894
1079	2895
1079	2896
1079	2897
1079	2898
1079	2899
1079	2900
1079	2901
1080	241
1080	1054
1080	1260
1080	1337
1080	1968
1080	2543
1080	2669
1080	2907
1080	2908
1080	2909
1082	1921
1082	2454
1082	2475
1082	2516
1082	2518
1082	2620
1082	2910
1082	2911
1082	2912
1082	2913
1084	5795
1085	2921
1086	1330
1086	1641
1086	2052
1086	2914
1086	2915
1086	2916
1086	2917
1086	2918
1086	2919
1086	2920
1092	757
1092	1613
1092	1975
1092	2232
1092	2257
1092	2922
1092	2923
1092	2924
1092	2925
1092	2926
1094	360
1094	967
1094	2274
1094	2927
1094	2928
1094	2929
1094	2930
1094	2931
1101	815
1101	2257
1101	2546
1101	2638
1101	2968
1101	2969
1101	2970
1101	2971
1101	2972
1101	2973
1102	87
1102	1244
1102	1365
1102	2938
1102	2939
1102	2940
1102	2941
1102	2942
1102	2943
1102	2944
1105	1127
1105	1354
1105	2143
1105	2508
1105	2947
1105	2948
1105	2949
1105	2950
1105	2951
1107	290
1107	335
1107	615
1107	1690
1107	2954
1107	2955
1107	2956
1107	2957
1107	2958
1107	2959
1109	174
1109	344
1109	636
1109	867
1109	1456
1109	1536
1109	1553
1109	2364
1109	2365
1109	2366
1110	120
1110	544
1110	1400
1110	1625
1110	3546
1110	6904
1110	7340
1110	7420
1110	7436
1110	7437
1111	1042
1111	1054
1111	1091
1111	1601
1111	2974
1111	2975
1111	2976
1111	2977
1111	2978
1111	2979
1112	329
1112	537
1112	638
1112	1341
1112	1818
1112	1863
1112	2028
1112	2705
1112	2952
1112	2953
1113	1699
1113	1852
1113	2960
1113	2961
1113	2962
1113	2963
1113	2964
1113	2965
1113	2966
1113	2967
1116	742
1116	850
1116	1547
1116	1678
1116	3001
1116	3002
1116	3003
1116	3004
1116	3005
1116	3006
1117	137
1117	138
1117	140
1117	2936
1117	3034
1117	3035
1117	3036
1117	3037
1117	3038
1117	3039
1118	908
1121	267
1121	268
1121	269
1121	270
1121	272
1121	273
1121	407
1121	2987
1121	2988
1121	2989
1122	52
1122	567
1122	1665
1122	2980
1122	2981
1122	2982
1122	2983
1122	2984
1122	2985
1122	2986
1123	2127
1123	2995
1123	2996
1123	2997
1123	2998
1126	2990
1128	608
1128	961
1128	1150
1128	1886
1128	2137
1128	2991
1128	2992
1128	2993
1128	2994
1130	225
1130	453
1130	567
1130	622
1130	1421
1130	1732
1130	2192
1130	2258
1130	2999
1130	3000
1133	1248
1135	435
1135	680
1135	833
1135	2070
1135	2188
1135	3007
1135	3008
1135	3009
1135	3010
1135	3011
1140	102
1140	685
1140	911
1140	1604
1140	1919
1140	2991
1140	3012
1140	3013
1140	3014
1140	3015
1141	2870
1141	2961
1141	3025
1141	3026
1141	3027
1141	3028
1141	3029
1141	3030
1141	3031
1141	3032
1143	2961
1143	3016
1143	3017
1143	3018
1143	3019
1143	3020
1143	3021
1143	3022
1143	3023
1143	3024
1145	481
1145	567
1145	952
1145	1104
1145	1130
1145	1689
1145	2608
1145	2872
1145	3033
1151	628
1151	779
1151	1156
1151	1403
1151	1537
1151	2339
1151	3050
1151	3051
1151	3052
1151	3053
1152	5863
1153	167
1153	703
1153	1154
1153	2290
1153	2569
1153	2583
1153	2863
1153	3088
1153	3089
1153	3090
1154	133
1154	266
1154	344
1154	345
1154	538
1154	565
1154	794
1154	795
1154	1056
1154	3040
1157	1069
1157	2076
1157	2556
1157	2660
1157	2973
1157	3041
1157	3042
1157	3043
1157	3044
1157	3045
1158	648
1158	1313
1158	1579
1158	2176
1158	2658
1158	3046
1158	3047
1158	3048
1158	3049
1159	612
1159	1146
1159	2704
1159	2999
1159	3068
1159	3069
1159	3070
1159	3071
1159	3072
1159	3073